 -0.26612865416518766     
 -0.22318237659385978     
 -0.19844175466587652     
 -0.21484980405605131     
 -0.28465813276127377     
 -0.31857109988606808     
 -0.23539661355030916     
 -0.10248821272848654     
  -2.7239208173371488E-002
  -1.2723444331893171E-002
  -2.3951084924155687E-002
  -2.4963558326598349E-002
  -3.7188718611348738E-002
  -6.9360970054173007E-002
 -0.13068768927127813     
 -0.13170280203861692     
  -7.5920345981401197E-002
  -4.4228557150940047E-002
  -2.9970418470249938E-002
  -3.0275814569614895E-002
 -0.23419799806052993     
 -0.22456424641234438     
 -0.20399705876412225     
 -0.21607937819935605     
 -0.28199343772073537     
 -0.31872664224843367     
 -0.24166664793840684     
 -0.11064614859988796     
  -3.9604688115773855E-002
  -3.2559514465230761E-002
  -4.3155941516685711E-002
  -3.5789879874518975E-002
  -4.1489667637272201E-002
  -6.9066735099152066E-002
 -0.12658592009807115     
 -0.13094296930970376     
  -7.7728387034079041E-002
  -4.6470168035952934E-002
  -3.3285796906029286E-002
  -3.5805354693350763E-002
 -0.23484209621381877     
 -0.22642607393533126     
 -0.21046225885489078     
 -0.21832656202256553     
 -0.27569506474874428     
 -0.31158843215777315     
 -0.24170602031767457     
 -0.11735993496422788     
  -5.3422486801371072E-002
  -5.4267363513614240E-002
  -6.2487230408842402E-002
  -4.5733944458336721E-002
  -4.4484932738939331E-002
  -6.7259650536650437E-002
 -0.12022370361892536     
 -0.12754558554310549     
  -7.8143187154097973E-002
  -4.8076755828301870E-002
  -3.6339820663857166E-002
  -4.1393341118656633E-002
 -0.23514008295876240     
 -0.22941217462146318     
 -0.21817215970461307     
 -0.22134902076912114     
 -0.26586493863288968     
 -0.29698010450104906     
 -0.23471397266631877     
 -0.12173619791909100     
  -6.7718305676297205E-002
  -7.6737440881766178E-002
  -8.1255104118224730E-002
  -5.4437903349213140E-002
  -4.6229652694205634E-002
  -6.4119618660106417E-002
 -0.11189506992503756     
 -0.12174666095333071     
  -7.7104533960758545E-002
  -4.8955561417549011E-002
  -3.9050889073834381E-002
  -4.6912636156837793E-002
 -0.23589907868426008     
 -0.23322635029053407     
 -0.22685044678652463     
 -0.22549732650796395     
 -0.25259561574985201     
 -0.27488588702082789     
 -0.22055278722612320     
 -0.12269456456951772     
  -8.1506279797510656E-002
  -9.8955337595355672E-002
  -9.8580636043921144E-002
  -6.1630544378493975E-002
  -4.6757578354998462E-002
  -5.9843475218997882E-002
 -0.10200204816010680     
 -0.11384680095987430     
  -7.4649262226223881E-002
  -4.9059784027554364E-002
  -4.1319352559682027E-002
  -5.2235435509625130E-002
 -0.23696415978165355     
 -0.23756898493204506     
 -0.23679596194452382     
 -0.23048576173478411     
 -0.23670946948393548     
 -0.24615867139902764     
 -0.19926535496872716     
 -0.11939320113032184     
  -9.3848211531894835E-002
 -0.11981228763671278     
 -0.11365995797692695     
  -6.7030151919997949E-002
  -4.6197032471060807E-002
  -5.4709548909476387E-002
  -9.0945055935313518E-002
 -0.10424960861866091     
  -7.0849843150988329E-002
  -4.8343862252866479E-002
  -4.3072599742708995E-002
  -5.7201393121699272E-002
 -0.23789524128163900     
 -0.24244034944690848     
 -0.24763847408622866     
 -0.23614723118957262     
 -0.21885360503595522     
 -0.21195023687600364     
 -0.17150439341313739     
 -0.11110583127740202     
 -0.10437068373605739     
 -0.13836579275090055     
 -0.12567860279847248     
  -7.0534944593197008E-002
  -4.4643611763739835E-002
  -4.8946951707146073E-002
  -7.9181436697984692E-002
  -9.3358957152585173E-002
  -6.5864913983425311E-002
  -4.6817467014455875E-002
  -4.4225234117005519E-002
  -6.1659738423610860E-002
 -0.23873676845732261     
 -0.24779974189917744     
 -0.25898858395901220     
 -0.24156687129130280     
 -0.20001924168805729     
 -0.17436480320597900     
 -0.13819313658153773     
  -9.8148407821284506E-002
 -0.11293451919033981     
 -0.15364466577543867     
 -0.13410923963784244     
  -7.2081333875382722E-002
  -4.2285803842513334E-002
  -4.2828043201628141E-002
  -6.7108830210369799E-002
  -8.1625420526491604E-002
  -5.9863526230382380E-002
  -4.4491870247545535E-002
  -4.4728264155668170E-002
  -6.5437674320921874E-002
 -0.23931591355297474     
 -0.25444575413982445     
 -0.26956624765986936     
 -0.24594522081836862     
 -0.18069752227692881     
 -0.13583584374243102     
 -0.10151280650071801     
  -8.2046705770396786E-002
 -0.11973013699952340     
 -0.16497925798306637     
 -0.13857850065371521     
  -7.1808632522297036E-002
  -3.9265823555085129E-002
  -3.6548118455625840E-002
  -5.5134115913298386E-002
  -6.9445099716819073E-002
  -5.3073374164952197E-002
  -4.1432107809064533E-002
  -4.4527279286284360E-002
  -6.8387049657880700E-002
  -0.0000000000000000     
 -0.26546485683162752     
 -0.28063348144014744     
 -0.24768972528589875     
 -0.15536909468490409     
  -8.8209574533985591E-002
  -5.3390723488346253E-002
  -6.0750453618658808E-002
 -0.12608939160615268     
 -0.17309414288806954     
 -0.13840237869488625     
  -6.8953965688247812E-002
  -3.4552655403382378E-002
  -2.8278504991585171E-002
  -3.9867404960925119E-002
  -5.3170713682136952E-002
  -4.3166318427240565E-002
  -3.6330198992019294E-002
  -4.3138556926138175E-002
  -7.0777946737485095E-002
