145 178 1
151 178 1
158 178 1
165 178 1
172 178 1
178 178 1
185 178 1
192 178 1
199 178 1
205 178 1
212 178 1
219 178 1
226 178 1
232 178 1
239 178 1
246 178 1
253 178 1
259 178 1
266 178 1
273 178 1
145 181 1
151 181 1
158 181 1
165 181 1
172 181 1
178 181 1
185 181 1
192 181 1
199 181 1
205 181 1
212 181 1
219 181 1
226 181 1
232 181 1
239 181 1
246 181 1
253 181 1
259 181 1
266 181 1
273 181 1
145 184 1
151 184 1
158 184 1
165 184 1
172 184 1
178 184 1
185 184 1
192 184 1
199 184 1
205 184 1
212 184 1
219 184 1
226 184 1
232 184 1
239 184 1
246 184 1
253 184 1
259 184 1
266 184 1
273 184 1
145 187 1
151 187 1
158 187 1
165 187 1
172 187 1
178 187 1
185 187 1
192 187 1
199 187 1
205 187 1
212 187 1
219 187 1
226 187 1
232 187 1
239 187 1
246 187 1
253 187 1
259 187 1
266 187 1
273 187 1
145 190 1
151 190 1
158 190 1
165 190 1
172 190 1
178 190 1
185 190 1
192 190 1
199 190 1
205 190 1
212 190 1
219 190 1
226 190 1
232 190 1
239 190 1
246 190 1
253 190 1
259 190 1
266 190 1
273 190 1
145 193 1
151 193 1
158 193 1
165 193 1
172 193 1
178 193 1
185 193 1
192 193 1
199 193 1
205 193 1
212 193 1
219 193 1
226 193 1
232 193 1
239 193 1
246 193 1
253 193 1
259 193 1
266 193 1
273 193 1
145 196 1
151 196 1
158 196 1
165 196 1
172 196 1
178 196 1
185 196 1
192 196 1
199 196 1
205 196 1
212 196 1
219 196 1
226 196 1
232 196 1
239 196 1
246 196 1
253 196 1
259 196 1
266 196 1
273 196 1
145 199 1
151 199 1
158 199 1
165 199 1
172 199 1
178 199 1
185 199 1
192 199 1
199 199 1
205 199 1
212 199 1
219 199 1
226 199 1
232 199 1
239 199 1
246 199 1
253 199 1
259 199 1
266 199 1
273 199 1
145 202 1
151 202 1
158 202 1
165 202 1
172 202 1
178 202 1
185 202 1
192 202 1
199 202 1
205 202 1
212 202 1
219 202 1
226 202 1
232 202 1
239 202 1
246 202 1
253 202 1
259 202 1
266 202 1
273 202 1
145 206 1
151 206 1
158 206 1
165 206 1
172 206 1
178 206 1
185 206 1
192 206 1
199 206 1
205 206 1
212 206 1
219 206 1
226 206 1
232 206 1
239 206 1
246 206 1
253 206 1
259 206 1
266 206 1
273 206 1
